Top 10
Hit Ratio:0.16185
Precision:0.20143
Recall:0.16305
NDCG:0.24045
Top 20
Hit Ratio:0.24386
Precision:0.15174
Recall:0.24388
NDCG:0.25709
