Top 10
Hit Ratio:0.15523
Precision:0.19319
Recall:0.15543
NDCG:0.2296
Top 20
Hit Ratio:0.23647
Precision:0.14715
Recall:0.23701
NDCG:0.24703
