Top 10
Hit Ratio:0.1565
Precision:0.19477
Recall:0.15788
NDCG:0.23924
Top 20
Hit Ratio:0.23278
Precision:0.14485
Recall:0.23284
NDCG:0.25167
