Top 10
Hit Ratio:0.14911
Precision:0.18558
Recall:0.15152
NDCG:0.22574
Top 20
Hit Ratio:0.2231
Precision:0.13883
Recall:0.22344
NDCG:0.23857
