Top 10
Hit Ratio:0.15268
Precision:0.19002
Recall:0.15324
NDCG:0.23694
Top 20
Hit Ratio:0.22972
Precision:0.14295
Recall:0.2304
NDCG:0.25013
