Top 10
Hit Ratio:0.00534
Precision:0.0096
Recall:0.00948
NDCG:0.01305
Top 20
Hit Ratio:0.00916
Precision:0.00823
Recall:0.01532
NDCG:0.01455
