Top 10
Hit Ratio:0.13842
Precision:0.17227
Recall:0.1392
NDCG:0.20325
Top 20
Hit Ratio:0.21368
Precision:0.13296
Recall:0.2141
NDCG:0.22122
