Top 10
Hit Ratio:0.0692
Precision:0.06918
Recall:0.07802
NDCG:0.09304
Top 20
Hit Ratio:0.10614
Precision:0.05306
Recall:0.12093
NDCG:0.10081
