Top 10
Hit Ratio:0.15663
Precision:0.19493
Recall:0.15749
NDCG:0.22751
Top 20
Hit Ratio:0.23672
Precision:0.14731
Recall:0.23683
NDCG:0.24455
