Top 10
Hit Ratio:0.15459
Precision:0.19239
Recall:0.15544
NDCG:0.24666
Top 20
Hit Ratio:0.22666
Precision:0.14105
Recall:0.22649
NDCG:0.25571
