Top 10
Hit Ratio:0.16911
Precision:0.21046
Recall:0.17143
NDCG:0.25221
Top 20
Hit Ratio:0.24717
Precision:0.1538
Recall:0.2496
NDCG:0.26472
