Top 10
Hit Ratio:0.15714
Precision:0.19556
Recall:0.15788
NDCG:0.23311
Top 20
Hit Ratio:0.23571
Precision:0.14667
Recall:0.23636
NDCG:0.24889
