Top 10
Hit Ratio:0.15192
Precision:0.18906
Recall:0.15269
NDCG:0.23502
Top 20
Hit Ratio:0.22743
Precision:0.14152
Recall:0.2272
NDCG:0.24791
