Top 10
Hit Ratio:0.13065
Precision:0.1626
Recall:0.13178
NDCG:0.19156
Top 20
Hit Ratio:0.20935
Precision:0.13027
Recall:0.2097
NDCG:0.21226
