Top 10
Hit Ratio:0.14593
Precision:0.18162
Recall:0.14724
NDCG:0.21294
Top 20
Hit Ratio:0.2203
Precision:0.13708
Recall:0.2218
NDCG:0.2294
