Top 10
Hit Ratio:0.15204
Precision:0.18922
Recall:0.15377
NDCG:0.23552
Top 20
Hit Ratio:0.2315
Precision:0.14406
Recall:0.23389
NDCG:0.25144
