Top 10
Hit Ratio:0.15357
Precision:0.19113
Recall:0.15451
NDCG:0.23496
Top 20
Hit Ratio:0.22921
Precision:0.14263
Recall:0.2292
NDCG:0.24741
