Top 10
Hit Ratio:0.15103
Precision:0.18796
Recall:0.15078
NDCG:0.23077
Top 20
Hit Ratio:0.22832
Precision:0.14208
Recall:0.2299
NDCG:0.24633
