Top 10
Hit Ratio:0.15243
Precision:0.1897
Recall:0.15183
NDCG:0.23082
Top 20
Hit Ratio:0.23214
Precision:0.14445
Recall:0.232
NDCG:0.24718
