Top 10
Hit Ratio:0.15612
Precision:0.19429
Recall:0.1562
NDCG:0.23979
Top 20
Hit Ratio:0.23354
Precision:0.14532
Recall:0.2337
NDCG:0.25318
