Top 10
Hit Ratio:0.16873
Precision:0.20998
Recall:0.1696
NDCG:0.25529
Top 20
Hit Ratio:0.25099
Precision:0.15618
Recall:0.25256
NDCG:0.27012
