Top 10
Hit Ratio:0.14937
Precision:0.1859
Recall:0.1501
NDCG:0.22305
Top 20
Hit Ratio:0.2287
Precision:0.14231
Recall:0.2297
NDCG:0.23999
