Top 10
Hit Ratio:0.16083
Precision:0.20016
Recall:0.1612
NDCG:0.24508
Top 20
Hit Ratio:0.23545
Precision:0.14651
Recall:0.23498
NDCG:0.25545
