Top 10
Hit Ratio:0.15676
Precision:0.19509
Recall:0.15728
NDCG:0.24207
Top 20
Hit Ratio:0.23329
Precision:0.14517
Recall:0.23423
NDCG:0.25558
