Top 10
Hit Ratio:0.15255
Precision:0.18986
Recall:0.15591
NDCG:0.24149
Top 20
Hit Ratio:0.2259
Precision:0.14057
Recall:0.22852
NDCG:0.25233
