Top 10
Hit Ratio:0.15306
Precision:0.19049
Recall:0.1552
NDCG:0.24254
Top 20
Hit Ratio:0.2245
Precision:0.1397
Recall:0.22478
NDCG:0.25172
