Top 10
Hit Ratio:0.15688
Precision:0.19525
Recall:0.15801
NDCG:0.23746
Top 20
Hit Ratio:0.23596
Precision:0.14683
Recall:0.23699
NDCG:0.2528
