Top 10
Hit Ratio:0.15281
Precision:0.19017
Recall:0.15359
NDCG:0.2346
Top 20
Hit Ratio:0.23201
Precision:0.14437
Recall:0.23256
NDCG:0.24973
