Top 10
Hit Ratio:0.15688
Precision:0.19525
Recall:0.15772
NDCG:0.23924
Top 20
Hit Ratio:0.22921
Precision:0.14263
Recall:0.22876
NDCG:0.25082
