Top 10
Hit Ratio:0.15828
Precision:0.19699
Recall:0.15875
NDCG:0.23663
Top 20
Hit Ratio:0.2338
Precision:0.14548
Recall:0.23214
NDCG:0.24887
