Top 10
Hit Ratio:0.11219
Precision:0.13962
Recall:0.11156
NDCG:0.16559
Top 20
Hit Ratio:0.18974
Precision:0.11807
Recall:0.18936
NDCG:0.18971
