Top 10
Hit Ratio:0.15281
Precision:0.19017
Recall:0.15387
NDCG:0.23286
Top 20
Hit Ratio:0.23252
Precision:0.14469
Recall:0.23231
NDCG:0.24832
