Top 10
Hit Ratio:0.14962
Precision:0.18621
Recall:0.15031
NDCG:0.22779
Top 20
Hit Ratio:0.22043
Precision:0.13716
Recall:0.22092
NDCG:0.23852
