Top 10
Hit Ratio:0.15688
Precision:0.19525
Recall:0.15794
NDCG:0.23744
Top 20
Hit Ratio:0.23087
Precision:0.14366
Recall:0.23151
NDCG:0.24905
