Top 10
Hit Ratio:0.1593
Precision:0.19826
Recall:0.15997
NDCG:0.24688
Top 20
Hit Ratio:0.23647
Precision:0.14715
Recall:0.23708
NDCG:0.26003
