Top 10
Hit Ratio:0.15268
Precision:0.19002
Recall:0.15396
NDCG:0.24253
Top 20
Hit Ratio:0.22463
Precision:0.13978
Recall:0.22524
NDCG:0.25259
