Top 10
Hit Ratio:0.14911
Precision:0.18558
Recall:0.15017
NDCG:0.23837
Top 20
Hit Ratio:0.21559
Precision:0.13415
Recall:0.21657
NDCG:0.24536
