Top 10
Hit Ratio:0.15103
Precision:0.18796
Recall:0.15121
NDCG:0.23607
Top 20
Hit Ratio:0.22947
Precision:0.14279
Recall:0.22941
NDCG:0.25067
