Top 10
Hit Ratio:0.16223
Precision:0.2019
Recall:0.16448
NDCG:0.25475
Top 20
Hit Ratio:0.23863
Precision:0.14849
Recall:0.23838
NDCG:0.26569 
