Top 10
Hit Ratio:0.14212
Precision:0.14208
Recall:0.17931
NDCG:0.21495
Top 20
Hit Ratio:0.22349
Precision:0.11171
Recall:0.27282
NDCG:0.23657
