Top 10
Hit Ratio:0.16058
Precision:0.19984
Recall:0.16167
NDCG:0.24272
Top 20
Hit Ratio:0.23583
Precision:0.14675
Recall:0.23649
NDCG:0.25464
