Top 10
Hit Ratio:0.15548
Precision:0.1935
Recall:0.15562
NDCG:0.23439
Top 20
Hit Ratio:0.23049
Precision:0.14342
Recall:0.23079
NDCG:0.24714
