Top 10
Hit Ratio:0.16058
Precision:0.19984
Recall:0.16046
NDCG:0.25064
Top 20
Hit Ratio:0.23545
Precision:0.14651
Recall:0.23697
NDCG:0.26204
