Top 10
Hit Ratio:0.15625
Precision:0.19445
Recall:0.15869
NDCG:0.23476
Top 20
Hit Ratio:0.22985
Precision:0.14303
Recall:0.23261
NDCG:0.24759
