Top 10
Hit Ratio:0.11718
Precision:0.11714
Recall:0.14167
NDCG:0.17636
Top 20
Hit Ratio:0.18149
Precision:0.09072
Recall:0.21265
NDCG:0.1914
