Top 10
Hit Ratio:0.07264
Precision:0.07262
Recall:0.08405
NDCG:0.1026
Top 20
Hit Ratio:0.11745
Precision:0.05871
Recall:0.13504
NDCG:0.11647
