Top 10
Hit Ratio:0.15574
Precision:0.19382
Recall:0.15629
NDCG:0.23898
Top 20
Hit Ratio:0.23545
Precision:0.14651
Recall:0.23555
NDCG:0.25399
