Top 10
Hit Ratio:0.15663
Precision:0.19493
Recall:0.15728
NDCG:0.23832
Top 20
Hit Ratio:0.23316
Precision:0.14509
Recall:0.2337
NDCG:0.25248
