Top 10
Hit Ratio:0.15344
Precision:0.19097
Recall:0.15432
NDCG:0.23668
Top 20
Hit Ratio:0.23061
Precision:0.1435
Recall:0.23205
NDCG:0.25049
