Top 10
Hit Ratio:0.15281
Precision:0.19017
Recall:0.15314
NDCG:0.23122
Top 20
Hit Ratio:0.23074
Precision:0.14358
Recall:0.23114
NDCG:0.24702
