Top 10
Hit Ratio:0.14975
Precision:0.18637
Recall:0.14951
NDCG:0.23178
Top 20
Hit Ratio:0.22666
Precision:0.14105
Recall:0.22541
NDCG:0.24518
