Top 10
Hit Ratio:0.00281
Precision:0.00281
Recall:0.00209
NDCG:0.0031
Top 20
Hit Ratio:0.00573
Precision:0.00287
Recall:0.00538
NDCG:0.00405
