Top 10
Hit Ratio:0.15765
Precision:0.1962
Recall:0.15948
NDCG:0.23471
Top 20
Hit Ratio:0.23787
Precision:0.14802
Recall:0.23878
NDCG:0.25121
