Top 10
Hit Ratio:0.15612
Precision:0.19429
Recall:0.15673
NDCG:0.22861
Top 20
Hit Ratio:0.23341
Precision:0.14525
Recall:0.23292
NDCG:0.24321
