Top 10
Hit Ratio:0.15446
Precision:0.19223
Recall:0.15468
NDCG:0.24099
Top 20
Hit Ratio:0.22654
Precision:0.14097
Recall:0.22705
NDCG:0.25105
