Top 10
Hit Ratio:0.15408
Precision:0.19176
Recall:0.15572
NDCG:0.23125
Top 20
Hit Ratio:0.2324
Precision:0.14461
Recall:0.23469
NDCG:0.24727
