Top 10
Hit Ratio:0.15115
Precision:0.18811
Recall:0.15404
NDCG:0.2331
Top 20
Hit Ratio:0.2259
Precision:0.14057
Recall:0.22729
NDCG:0.24556
