Top 10
Hit Ratio:0.16045
Precision:0.19968
Recall:0.16221
NDCG:0.24117
Top 20
Hit Ratio:0.23851
Precision:0.14842
Recall:0.24016
NDCG:0.25478
