Top 10
Hit Ratio:0.15714
Precision:0.19556
Recall:0.15685
NDCG:0.24547
Top 20
Hit Ratio:0.23558
Precision:0.14659
Recall:0.23419
NDCG:0.25856
