Top 10
Hit Ratio:0.15688
Precision:0.19525
Recall:0.15797
NDCG:0.23239
Top 20
Hit Ratio:0.23927
Precision:0.14889
Recall:0.23899
NDCG:0.2501
