Top 10
Hit Ratio:0.15752
Precision:0.19604
Recall:0.15812
NDCG:0.24444
Top 20
Hit Ratio:0.2324
Precision:0.14461
Recall:0.23194
NDCG:0.25565
