Top 10
Hit Ratio:0.15739
Precision:0.19588
Recall:0.15766
NDCG:0.24235
Top 20
Hit Ratio:0.23176
Precision:0.14422
Recall:0.2319
NDCG:0.25342
