Top 10
Hit Ratio:0.15459
Precision:0.19239
Recall:0.15516
NDCG:0.2411
Top 20
Hit Ratio:0.23112
Precision:0.14382
Recall:0.23063
NDCG:0.25343
