Top 10
Hit Ratio:0.1203
Precision:0.12026
Recall:0.14249
NDCG:0.17552
Top 20
Hit Ratio:0.19271
Precision:0.09633
Recall:0.22513
NDCG:0.19484
