Top 10
Hit Ratio:0.11015
Precision:0.13708
Recall:0.11063
NDCG:0.16499
Top 20
Hit Ratio:0.18057
Precision:0.11236
Recall:0.18093
NDCG:0.18453
