Top 10
Hit Ratio:0.15816
Precision:0.19683
Recall:0.15948
NDCG:0.24184
Top 20
Hit Ratio:0.23112
Precision:0.14382
Recall:0.2318
NDCG:0.25293
