Top 10
Hit Ratio:0.15268
Precision:0.19002
Recall:0.15293
NDCG:0.23521
Top 20
Hit Ratio:0.22807
Precision:0.14192
Recall:0.22881
NDCG:0.24844
