Top 10
Hit Ratio:0.13325
Precision:0.13321
Recall:0.16792
NDCG:0.19871
Top 20
Hit Ratio:0.2125
Precision:0.10622
Recall:0.26016
NDCG:0.22047
