Top 10
Hit Ratio:0.16325
Precision:0.20317
Recall:0.16518
NDCG:0.23939
Top 20
Hit Ratio:0.24462
Precision:0.15222
Recall:0.24549
NDCG:0.25542
