Top 10
Hit Ratio:0.15892
Precision:0.19778
Recall:0.15998
NDCG:0.2469
Top 20
Hit Ratio:0.23902
Precision:0.14873
Recall:0.23861
NDCG:0.26087
