Top 10
Hit Ratio:0.15586
Precision:0.19398
Recall:0.15636
NDCG:0.24084
Top 20
Hit Ratio:0.22832
Precision:0.14208
Recall:0.2271
NDCG:0.25149
