Top 10
Hit Ratio:0.15319
Precision:0.19065
Recall:0.15463
NDCG:0.2324
Top 20
Hit Ratio:0.23138
Precision:0.14398
Recall:0.23126
NDCG:0.24733
