Top 10
Hit Ratio:0.15243
Precision:0.1897
Recall:0.15369
NDCG:0.22599
Top 20
Hit Ratio:0.23558
Precision:0.14659
Recall:0.23666
NDCG:0.24529
