Top 10
Hit Ratio:0.15115
Precision:0.18811
Recall:0.15183
NDCG:0.23004
Top 20
Hit Ratio:0.22947
Precision:0.14279
Recall:0.22847
NDCG:0.24509
