Top 10
Hit Ratio:0.14359
Precision:0.14355
Recall:0.1809
NDCG:0.21687
Top 20
Hit Ratio:0.22434
Precision:0.11214
Recall:0.27346
NDCG:0.23787
