Top 10
Hit Ratio:0.1579
Precision:0.19651
Recall:0.15862
NDCG:0.2352
Top 20
Hit Ratio:0.23672
Precision:0.14731
Recall:0.23581
NDCG:0.25045
