Top 10
Hit Ratio:0.07256
Precision:0.07254
Recall:0.0853
NDCG:0.10416
Top 20
Hit Ratio:0.11614
Precision:0.05805
Recall:0.13341
NDCG:0.11646
