Top 10
Hit Ratio:0.02869
Precision:0.7
Recall:0.02869
NDCG:0.64029
Top 20
Hit Ratio:0.05738
Precision:0.7
Recall:0.05738
NDCG:0.65983
