Top 10
Hit Ratio:0.1551
Precision:0.19303
Recall:0.15792
NDCG:0.2317
Top 20
Hit Ratio:0.23163
Precision:0.14414
Recall:0.23341
NDCG:0.24711
