Top 10
Hit Ratio:0.15281
Precision:0.19017
Recall:0.1524
NDCG:0.23675
Top 20
Hit Ratio:0.23418
Precision:0.14572
Recall:0.23291
NDCG:0.25299
