Top 10
Hit Ratio:0.15472
Precision:0.19255
Recall:0.15721
NDCG:0.23185
Top 20
Hit Ratio:0.23329
Precision:0.14517
Recall:0.23562
NDCG:0.24738
