Top 10
Hit Ratio:0.15892
Precision:0.19778
Recall:0.15911
NDCG:0.24069
Top 20
Hit Ratio:0.23392
Precision:0.14556
Recall:0.23414
NDCG:0.25234
