Top 10
Hit Ratio:0.15828
Precision:0.19699
Recall:0.15895
NDCG:0.24699
Top 20
Hit Ratio:0.23634
Precision:0.14707
Recall:0.23637
NDCG:0.26017
