Top 10
Hit Ratio:0.14415
Precision:0.1441
Recall:0.18227
NDCG:0.21892
Top 20
Hit Ratio:0.22578
Precision:0.11286
Recall:0.27566
NDCG:0.2401
