Top 10
Hit Ratio:0.15612
Precision:0.19429
Recall:0.15631
NDCG:0.23811
Top 20
Hit Ratio:0.23583
Precision:0.14675
Recall:0.23524
NDCG:0.2537
