Top 10
Hit Ratio:0.15765
Precision:0.1962
Recall:0.15795
NDCG:0.23844
Top 20
Hit Ratio:0.2338
Precision:0.14548
Recall:0.23328
NDCG:0.2509
