Top 10
Hit Ratio:0.16032
Precision:0.19952
Recall:0.16287
NDCG:0.25033
Top 20
Hit Ratio:0.23965
Precision:0.14913
Recall:0.24174
NDCG:0.26455
