Top 10
Hit Ratio:0.15714
Precision:0.19556
Recall:0.15809
NDCG:0.23967
Top 20
Hit Ratio:0.23341
Precision:0.14525
Recall:0.23218
NDCG:0.2519
