Top 10
Hit Ratio:0.15408
Precision:0.19176
Recall:0.15493
NDCG:0.23691
Top 20
Hit Ratio:0.2301
Precision:0.14319
Recall:0.22934
NDCG:0.24931
