Top 10
Hit Ratio:0.15459
Precision:0.19239
Recall:0.15471
NDCG:0.22922
Top 20
Hit Ratio:0.23443
Precision:0.14588
Recall:0.23407
NDCG:0.24493
