Top 10
Hit Ratio:0.15637
Precision:0.19461
Recall:0.15805
NDCG:0.23092
Top 20
Hit Ratio:0.23787
Precision:0.14802
Recall:0.23954
NDCG:0.24892
