Top 10
Hit Ratio:0.15383
Precision:0.19144
Recall:0.15511
NDCG:0.238
Top 20
Hit Ratio:0.22832
Precision:0.14208
Recall:0.22943
NDCG:0.25077
