Top 10
Hit Ratio:0.15599
Precision:0.19414
Recall:0.15677
NDCG:0.24061
Top 20
Hit Ratio:0.23405
Precision:0.14564
Recall:0.23318
NDCG:0.25392
