Top 10
Hit Ratio:0.15459
Precision:0.19239
Recall:0.15415
NDCG:0.23885
Top 20
Hit Ratio:0.23189
Precision:0.14429
Recall:0.2314
NDCG:0.25202
