Top 10
Hit Ratio:0.15561
Precision:0.19366
Recall:0.1559
NDCG:0.2397
Top 20
Hit Ratio:0.22616
Precision:0.14073
Recall:0.22537
NDCG:0.24891
