Top 10
Hit Ratio:0.15726
Precision:0.19572
Recall:0.15706
NDCG:0.24281
Top 20
Hit Ratio:0.2301
Precision:0.14319
Recall:0.22951
NDCG:0.25199
