Top 10
Hit Ratio:0.15701
Precision:0.1954
Recall:0.15756
NDCG:0.24274
Top 20
Hit Ratio:0.2352
Precision:0.14635
Recall:0.23632
NDCG:0.25578
