Top 10
Hit Ratio:0.15434
Precision:0.19208
Recall:0.15642
NDCG:0.23658
Top 20
Hit Ratio:0.23227
Precision:0.14453
Recall:0.23236
NDCG:0.25088
