Top 10
Hit Ratio:0.15879
Precision:0.19762
Recall:0.1594
NDCG:0.23516
Top 20
Hit Ratio:0.2408
Precision:0.14984
Recall:0.24221
NDCG:0.25246
