Top 10
Hit Ratio:0.15064
Precision:0.18748
Recall:0.15106
NDCG:0.23051
Top 20
Hit Ratio:0.22692
Precision:0.1412
Recall:0.22909
NDCG:0.2448
