Top 10
Hit Ratio:0.16147
Precision:0.20095
Recall:0.16179
NDCG:0.24804
Top 20
Hit Ratio:0.24258
Precision:0.15095
Recall:0.24282
NDCG:0.26353
