Top 10
Hit Ratio:0.15497
Precision:0.19287
Recall:0.15566
NDCG:0.24092
Top 20
Hit Ratio:0.22934
Precision:0.14271
Recall:0.22833
NDCG:0.25194
