Top 10
Hit Ratio:0.15077
Precision:0.18764
Recall:0.15205
NDCG:0.23096
Top 20
Hit Ratio:0.22832
Precision:0.14208
Recall:0.22827
NDCG:0.24567
