Top 10
Hit Ratio:0.05993
Precision:0.06573
Recall:0.05846
NDCG:0.08168
Top 20
Hit Ratio:0.09783
Precision:0.05365
Recall:0.09936
NDCG:0.09037
