Top 10
Hit Ratio:0.15688
Precision:0.19525
Recall:0.15884
NDCG:0.23442
Top 20
Hit Ratio:0.23354
Precision:0.14532
Recall:0.23453
NDCG:0.24826
