Top 10
Hit Ratio:0.15141
Precision:0.18843
Recall:0.15193
NDCG:0.2384
Top 20
Hit Ratio:0.23341
Precision:0.14525
Recall:0.2334
NDCG:0.25485
