Top 10
Hit Ratio:0.15319
Precision:0.19065
Recall:0.15362
NDCG:0.23371
Top 20
Hit Ratio:0.23087
Precision:0.14366
Recall:0.23143
NDCG:0.24811
