Top 10
Hit Ratio:0.15574
Precision:0.19382
Recall:0.15573
NDCG:0.23453
Top 20
Hit Ratio:0.23061
Precision:0.1435
Recall:0.23182
NDCG:0.24799
