Top 10
Hit Ratio:0.13259
Precision:0.13255
Recall:0.16547
NDCG:0.19915
Top 20
Hit Ratio:0.20907
Precision:0.1045
Recall:0.25361
NDCG:0.21961
