Top 10
Hit Ratio:0.15421
Precision:0.19192
Recall:0.1549
NDCG:0.23792
Top 20
Hit Ratio:0.2324
Precision:0.14461
Recall:0.23551
NDCG:0.25319
