Top 10
Hit Ratio:0.15204
Precision:0.18922
Recall:0.15329
NDCG:0.23851
Top 20
Hit Ratio:0.22641
Precision:0.14089
Recall:0.22703
NDCG:0.25091
