Top 10
Hit Ratio:0.15548
Precision:0.1935
Recall:0.15657
NDCG:0.24562
Top 20
Hit Ratio:0.23074
Precision:0.14358
Recall:0.23203
NDCG:0.25737
