Top 10
Hit Ratio:0.14439
Precision:0.14435
Recall:0.18485
NDCG:0.21743
Top 20
Hit Ratio:0.22351
Precision:0.11172
Recall:0.27303
NDCG:0.23715
