Top 10
Hit Ratio:0.15714
Precision:0.19556
Recall:0.15744
NDCG:0.23858
Top 20
Hit Ratio:0.23596
Precision:0.14683
Recall:0.23515
NDCG:0.25251
