Top 10
Hit Ratio:0.15472
Precision:0.19255
Recall:0.1556
NDCG:0.23706
Top 20
Hit Ratio:0.23558
Precision:0.14659
Recall:0.23743
NDCG:0.25386
