Top 10
Hit Ratio:0.15714
Precision:0.19556
Recall:0.15737
NDCG:0.24014
Top 20
Hit Ratio:0.23099
Precision:0.14374
Recall:0.23193
NDCG:0.25142
