Top 10
Hit Ratio:0.15625
Precision:0.19445
Recall:0.15635
NDCG:0.23893
Top 20
Hit Ratio:0.23507
Precision:0.14628
Recall:0.23507
NDCG:0.25316
